# unix_time, cycles_done, cur_path, paths_total, pending_total, pending_favs, map_size, unique_crashes, unique_hangs, max_depth, execs_per_sec
1563177502, 0, 0, 15, 15, 12, 0.56%, 0, 0, 1, 5.93
1563177507, 0, 1, 17, 17, 12, 0.56%, 0, 0, 2, 7.94
1563177512, 0, 1, 20, 20, 12, 0.56%, 0, 0, 2, 8.41
1563177517, 0, 1, 25, 25, 12, 0.57%, 0, 0, 2, 8.53
1563177522, 0, 1, 27, 27, 12, 0.57%, 0, 0, 2, 8.58
1563177533, 0, 1, 30, 30, 12, 0.57%, 0, 0, 2, 8.51
1563177538, 0, 1, 32, 32, 12, 0.57%, 0, 0, 2, 8.55
1563177543, 0, 1, 35, 35, 12, 0.58%, 0, 0, 2, 8.56
1563177548, 0, 1, 36, 36, 12, 0.58%, 0, 0, 2, 8.56
1563177553, 0, 1, 38, 38, 12, 0.58%, 0, 0, 2, 8.61
1563177558, 0, 1, 41, 41, 12, 0.58%, 0, 0, 2, 8.60
1563177563, 0, 1, 46, 46, 12, 0.58%, 0, 0, 2, 8.56
1563177569, 0, 1, 47, 47, 12, 0.58%, 0, 0, 2, 1.12
1563177574, 0, 1, 49, 49, 12, 0.58%, 0, 0, 2, 8.54
1563177584, 0, 1, 50, 50, 12, 0.58%, 0, 0, 2, 8.60
1563177589, 0, 1, 51, 51, 12, 0.58%, 0, 0, 2, 8.61
1563177594, 0, 1, 52, 52, 12, 0.58%, 0, 0, 2, 8.58
1563177599, 0, 1, 53, 53, 12, 0.58%, 0, 0, 2, 8.58
1563177610, 0, 1, 55, 55, 12, 0.58%, 0, 0, 2, 8.58
1563177615, 0, 1, 58, 58, 12, 0.59%, 0, 0, 2, 8.58
1563177620, 0, 1, 60, 60, 12, 0.59%, 0, 0, 2, 8.59
