5108
0 2
1 0
2 52
3 2
4 0
5 188
6 229
7 129
8 36
9 252
10 195
11 200
12 192
13 224
14 192
15 130
16 230
17 8
18 70
19 112
20 6
21 229
22 130
23 69
24 131
25 96
26 18
27 24
28 229
29 130
30 150
31 245
32 130
33 8
34 229
35 131
36 150
37 66
38 130
39 8
40 229
41 240
42 150
43 69
44 130
45 208
46 130
47 200
48 208
49 224
50 200
51 34
52 117
53 129
54 108
55 18
56 18
57 218
58 229
59 130
60 96
61 3
62 2
63 0
64 3
65 121
66 0
67 233
68 68
69 0
70 96
71 27
72 122
73 0
74 144
75 19
76 244
77 120
78 1
79 117
80 160
81 0
82 228
83 147
84 242
85 163
86 8
87 184
88 0
89 2
90 5
91 160
92 217
93 244
94 218
95 242
96 117
97 160
98 255
99 228
100 120
101 255
102 246
103 216
104 253
105 120
106 0
107 232
108 68
109 0
110 96
111 10
112 121
113 1
114 117
115 160
116 0
117 228
118 243
119 9
120 216
121 252
122 120
123 0
124 232
125 68
126 0
127 96
128 12
129 121
130 0
131 144
132 0
133 1
134 228
135 240
136 163
137 216
138 252
139 217
140 250
141 2
142 0
143 3
144 117
145 176
146 222
147 117
148 160
149 222
150 117
151 144
152 222
153 117
154 128
155 222
156 117
157 176
158 173
159 117
160 160
161 173
162 117
163 144
164 173
165 117
166 128
167 173
168 117
169 176
170 0
171 117
172 160
173 0
174 117
175 144
176 0
177 117
178 128
179 0
180 128
181 254
182 117
183 128
184 0
185 2
186 0
187 144
188 117
189 24
190 0
191 18
192 8
193 131
194 117
195 93
196 6
197 117
198 94
199 254
200 117
201 95
202 0
203 144
204 254
205 2
206 117
207 240
208 0
209 18
210 7
211 58
212 144
213 254
214 2
215 116
216 0
217 240
218 116
219 192
220 163
221 240
222 144
223 254
224 4
225 116
226 0
227 240
228 116
229 225
230 163
231 240
232 117
233 93
234 6
235 117
236 94
237 254
238 117
239 95
240 0
241 144
242 254
243 2
244 117
245 240
246 0
247 18
248 5
249 240
250 117
251 93
252 248
253 117
254 94
255 249
256 117
257 95
258 0
259 144
260 249
261 240
262 117
263 240
264 0
265 18
266 7
267 58
268 117
269 93
270 5
271 117
272 94
273 253
274 117
275 95
276 0
277 144
278 253
279 2
280 117
281 240
282 0
283 18
284 7
285 58
286 144
287 253
288 2
289 116
290 0
291 240
292 116
293 226
294 163
295 240
296 228
297 163
298 240
299 117
300 93
301 5
302 117
303 94
304 253
305 245
306 95
307 144
308 253
309 2
310 117
311 240
312 0
313 18
314 5
315 240
316 117
317 93
318 0
319 117
320 94
321 192
322 117
323 95
324 0
325 117
326 96
327 0
328 117
329 97
330 225
331 117
332 98
333 0
334 144
335 226
336 0
337 117
338 240
339 0
340 18
341 8
342 163
343 229
344 130
345 112
346 9
347 144
348 18
349 242
350 117
351 240
352 128
353 2
354 0
355 182
356 117
357 93
358 0
359 117
360 94
361 80
362 117
363 95
364 0
365 144
366 48
367 0
368 117
369 240
370 0
371 18
372 7
373 58
374 117
375 95
376 0
377 117
378 96
379 48
380 117
381 97
382 0
383 117
384 93
385 0
386 117
387 94
388 32
389 117
390 98
391 1
392 144
393 0
394 0
395 117
396 240
397 0
398 18
399 8
400 191
401 117
402 93
403 0
404 117
405 94
406 80
407 117
408 95
409 0
410 144
411 48
412 0
413 117
414 240
415 0
416 18
417 5
418 240
419 117
420 93
421 0
422 117
423 94
424 252
425 117
426 95
427 0
428 144
429 251
430 0
431 117
432 240
433 0
434 18
435 7
436 58
437 125
438 0
439 126
440 0
441 237
442 36
443 0
444 251
445 238
446 52
447 251
448 252
449 237
450 36
451 0
452 248
453 238
454 52
455 49
456 249
457 122
458 0
459 136
460 130
461 137
462 131
463 138
464 240
465 18
466 18
467 190
468 248
469 139
470 130
471 140
472 131
473 240
474 13
475 189
476 0
477 1
478 14
479 116
480 255
481 46
482 80
483 213
484 117
485 93
486 0
487 117
488 94
489 252
490 117
491 95
492 0
493 144
494 251
495 0
496 117
497 240
498 0
499 18
500 5
501 240
502 117
503 93
504 0
505 117
506 94
507 253
508 117
509 95
510 0
511 144
512 252
513 0
514 117
515 240
516 0
517 18
518 7
519 58
520 125
521 0
522 126
523 0
524 237
525 36
526 0
527 251
528 238
529 52
530 252
531 252
532 237
533 36
534 0
535 248
536 238
537 52
538 50
539 249
540 122
541 0
542 136
543 130
544 137
545 131
546 138
547 240
548 18
549 18
550 190
551 248
552 139
553 130
554 140
555 131
556 240
557 13
558 189
559 0
560 1
561 14
562 116
563 255
564 46
565 80
566 213
567 117
568 93
569 0
570 117
571 94
572 253
573 117
574 95
575 0
576 144
577 252
578 0
579 117
580 240
581 0
582 18
583 5
584 240
585 117
586 38
587 0
588 117
589 39
590 2
591 144
592 251
593 0
594 117
595 240
596 0
597 18
598 9
599 149
600 125
601 0
602 126
603 0
604 141
605 130
606 116
607 225
608 46
609 245
610 131
611 224
612 252
613 237
614 36
615 222
616 245
617 130
618 238
619 52
620 18
621 245
622 131
623 228
624 147
625 251
626 236
627 181
628 3
629 2
630 128
631 9
632 144
633 19
634 17
635 117
636 240
637 128
638 2
639 0
640 182
641 13
642 189
643 0
644 1
645 14
646 195
647 237
648 148
649 20
650 238
651 148
652 0
653 64
654 205
655 144
656 51
657 0
658 117
659 240
660 0
661 18
662 18
663 190
664 245
665 12
666 163
667 18
668 18
669 190
670 245
671 13
672 116
673 0
674 195
675 148
676 0
677 251
678 116
679 49
680 148
681 48
682 252
683 116
684 32
685 195
686 155
687 251
688 116
689 3
690 156
691 252
692 229
693 12
694 36
695 255
696 245
697 93
698 229
699 13
700 52
701 255
702 245
703 94
704 144
705 0
706 28
707 192
708 4
709 192
710 3
711 18
712 18
713 161
714 169
715 130
716 170
717 131
718 208
719 3
720 208
721 4
722 233
723 43
724 245
725 17
726 234
727 60
728 245
729 18
730 195
731 228
732 149
733 17
734 116
735 32
736 149
737 18
738 80
739 9
740 144
741 19
742 35
743 117
744 240
745 128
746 2
747 0
748 182
749 133
750 17
751 88
752 133
753 18
754 89
755 117
756 90
757 0
758 117
759 91
760 48
761 117
762 92
763 0
764 144
765 49
766 0
767 117
768 240
769 0
770 18
771 17
772 252
773 229
774 130
775 112
776 9
777 144
778 19
779 52
780 117
781 240
782 128
783 2
784 0
785 182
786 229
787 12
788 69
789 13
790 112
791 1
792 34
793 117
794 93
795 0
796 117
797 94
798 48
799 117
800 95
801 0
802 144
803 0
804 0
805 117
806 240
807 0
808 18
809 7
810 58
811 116
812 4
813 36
814 0
815 245
816 14
817 116
818 3
819 52
820 48
821 245
822 15
823 117
824 16
825 0
826 133
827 12
828 93
829 133
830 13
831 94
832 144
833 0
834 28
835 18
836 18
837 161
838 170
839 130
840 175
841 131
842 234
843 37
844 14
845 248
846 239
847 53
848 15
849 249
850 174
851 16
852 136
853 19
854 137
855 20
856 142
857 21
858 133
859 14
860 25
861 133
862 15
863 26
864 133
865 16
866 27
867 228
868 245
869 8
870 245
871 9
872 195
873 229
874 8
875 149
876 12
877 229
878 9
879 149
880 13
881 64
882 3
883 2
884 4
885 115
886 116
887 4
888 37
889 25
890 248
891 228
892 53
893 26
894 249
895 174
896 27
897 136
898 130
899 137
900 131
901 142
902 240
903 18
904 18
905 190
906 245
907 17
908 163
909 18
910 18
911 190
912 245
913 18
914 133
915 25
916 130
917 133
918 26
919 131
920 133
921 27
922 240
923 18
924 18
925 190
926 245
927 22
928 163
929 18
930 18
931 190
932 245
933 23
934 229
935 17
936 37
937 19
938 245
939 28
940 229
941 18
942 53
943 20
944 245
945 29
946 133
947 21
948 30
949 192
950 28
951 192
952 29
953 192
954 30
955 144
956 80
957 0
958 117
959 240
960 0
961 18
962 0
963 6
964 21
965 129
966 21
967 129
968 21
969 129
970 64
971 29
972 168
973 28
974 169
975 29
976 174
977 30
978 192
979 19
980 192
981 20
982 192
983 21
984 136
985 130
986 137
987 131
988 142
989 240
990 18
991 0
992 6
993 21
994 129
995 21
996 129
997 21
998 129
999 80
1000 9
1001 144
1002 19
1003 71
1004 117
1005 240
1006 128
1007 2
1008 0
1009 182
1010 229
1011 22
1012 37
1013 17
1014 253
1015 229
1016 23
1017 53
1018 18
1019 254
1020 195
1021 228
1022 157
1023 116
1024 48
1025 158
1026 64
1027 19
1028 229
1029 17
1030 37
1031 22
1032 253
1033 229
1034 18
1035 53
1036 23
1037 254
1038 195
1039 237
1040 149
1041 22
1042 238
1043 149
1044 23
1045 80
1046 9
1047 144
1048 19
1049 98
1050 117
1051 240
1052 128
1053 2
1054 0
1055 182
1056 229
1057 17
1058 69
1059 18
1060 96
1061 43
1062 173
1063 22
1064 116
1065 0
1066 37
1067 23
1068 254
1069 141
1070 95
1071 142
1072 96
1073 117
1074 97
1075 0
1076 133
1077 17
1078 93
1079 133
1080 18
1081 94
1082 117
1083 98
1084 0
1085 133
1086 19
1087 130
1088 133
1089 20
1090 131
1091 133
1092 21
1093 240
1094 192
1095 7
1096 192
1097 2
1098 18
1099 8
1100 191
1101 208
1102 2
1103 208
1104 7
1105 229
1106 17
1107 37
1108 19
1109 245
1110 19
1111 229
1112 18
1113 53
1114 20
1115 245
1116 20
1117 116
1118 28
1119 37
1120 25
1121 245
1122 25
1123 228
1124 53
1125 26
1126 245
1127 26
1128 5
1129 8
1130 228
1131 181
1132 8
1133 2
1134 5
1135 9
1136 2
1137 3
1138 104
1139 117
1140 93
1141 0
1142 117
1143 94
1144 48
1145 117
1146 95
1147 0
1148 144
1149 0
1150 0
1151 117
1152 240
1153 0
1154 192
1155 7
1156 192
1157 2
1158 18
1159 5
1160 240
1161 208
1162 2
1163 208
1164 7
1165 116
1166 4
1167 36
1168 0
1169 245
1170 14
1171 116
1172 3
1173 52
1174 48
1175 245
1176 15
1177 117
1178 16
1179 0
1180 234
1181 37
1182 14
1183 250
1184 239
1185 53
1186 15
1187 255
1188 174
1189 16
1190 138
1191 19
1192 143
1193 20
1194 142
1195 21
1196 173
1197 14
1198 174
1199 15
1200 175
1201 16
1202 228
1203 245
1204 8
1205 245
1206 9
1207 195
1208 229
1209 8
1210 149
1211 12
1212 229
1213 9
1214 149
1215 13
1216 64
1217 3
1218 2
1219 5
1220 146
1221 116
1222 4
1223 45
1224 248
1225 228
1226 62
1227 249
1228 143
1229 2
1230 136
1231 130
1232 137
1233 131
1234 138
1235 240
1236 18
1237 18
1238 190
1239 245
1240 17
1241 163
1242 18
1243 18
1244 190
1245 245
1246 18
1247 141
1248 130
1249 142
1250 131
1251 143
1252 240
1253 18
1254 18
1255 190
1256 249
1257 163
1258 18
1259 18
1260 190
1261 36
1262 0
1263 248
1264 122
1265 0
1266 133
1267 17
1268 38
1269 133
1270 18
1271 39
1272 137
1273 130
1274 136
1275 131
1276 138
1277 240
1278 192
1279 7
1280 192
1281 6
1282 192
1283 5
1284 18
1285 9
1286 149
1287 208
1288 5
1289 208
1290 6
1291 208
1292 7
1293 116
1294 8
1295 45
1296 248
1297 228
1298 62
1299 249
1300 143
1301 2
1302 228
1303 245
1304 10
1305 245
1306 11
1307 192
1308 5
1309 192
1310 6
1311 192
1312 7
1313 133
1314 10
1315 130
1316 116
1317 225
1318 37
1319 11
1320 245
1321 131
1322 224
1323 252
1324 229
1325 10
1326 40
1327 251
1328 229
1329 11
1330 57
1331 254
1332 138
1333 7
1334 139
1335 130
1336 142
1337 131
1338 143
1339 240
1340 18
1341 18
1342 190
1343 251
1344 236
1345 181
1346 3
1347 8
1348 208
1349 7
1350 208
1351 6
1352 208
1353 5
1354 128
1355 15
1356 208
1357 7
1358 208
1359 6
1360 208
1361 5
1362 144
1363 19
1364 125
1365 117
1366 240
1367 128
1368 2
1369 0
1370 182
1371 5
1372 10
1373 228
1374 181
1375 10
1376 2
1377 5
1378 11
1379 195
1380 229
1381 10
1382 148
1383 20
1384 229
1385 11
1386 148
1387 0
1388 64
1389 173
1390 229
1391 17
1392 37
1393 19
1394 245
1395 19
1396 229
1397 18
1398 53
1399 20
1400 245
1401 20
1402 116
1403 28
1404 45
1405 253
1406 228
1407 62
1408 254
1409 141
1410 14
1411 142
1412 15
1413 143
1414 16
1415 5
1416 8
1417 228
1418 181
1419 8
1420 2
1421 5
1422 9
1423 2
1424 4
1425 183
1426 126
1427 0
1428 127
1429 0
1430 168
1431 14
1432 169
1433 15
1434 170
1435 16
1436 229
1437 19
1438 195
1439 152
1440 252
1441 229
1442 20
1443 153
1444 253
1445 195
1446 238
1447 156
1448 239
1449 157
1450 80
1451 52
1452 142
1453 130
1454 116
1455 0
1456 47
1457 245
1458 131
1459 224
1460 253
1461 238
1462 40
1463 248
1464 239
1465 57
1466 249
1467 136
1468 130
1469 137
1470 131
1471 138
1472 240
1473 18
1474 18
1475 190
1476 248
1477 237
1478 181
1479 0
1480 2
1481 128
1482 14
1483 117
1484 24
1485 1
1486 144
1487 19
1488 146
1489 117
1490 240
1491 128
1492 18
1493 0
1494 182
1495 128
1496 7
1497 14
1498 190
1499 0
1500 185
1501 15
1502 128
1503 182
1504 116
1505 1
1506 181
1507 24
1508 2
1509 128
1510 3
1511 117
1512 24
1513 2
1514 133
1515 24
1516 128
1517 2
1518 0
1519 144
1520 133
1521 130
1522 96
1523 133
1524 131
1525 97
1526 133
1527 240
1528 98
1529 171
1530 96
1531 229
1532 97
1533 252
1534 196
1535 35
1536 84
1537 31
1538 249
1539 122
1540 0
1541 168
1542 93
1543 175
1544 94
1545 24
1546 184
1547 255
1548 1
1549 31
1550 239
1551 196
1552 35
1553 84
1554 31
1555 245
1556 99
1557 117
1558 100
1559 0
1560 140
1561 3
1562 124
1563 0
1564 116
1565 7
1566 91
1567 245
1568 101
1569 140
1570 102
1571 143
1572 0
1573 127
1574 0
1575 116
1576 7
1577 88
1578 245
1579 103
1580 143
1581 104
1582 192
1583 96
1584 192
1585 97
1586 192
1587 98
1588 133
1589 93
1590 130
1591 133
1592 94
1593 131
1594 133
1595 95
1596 240
1597 18
1598 0
1599 6
1600 21
1601 129
1602 21
1603 129
1604 21
1605 129
1606 80
1607 4
1608 144
1609 0
1610 0
1611 34
1612 233
1613 181
1614 99
1615 97
1616 234
1617 181
1618 100
1619 93
1620 233
1621 36
1622 128
1623 248
1624 234
1625 52
1626 255
1627 255
1628 233
1629 36
1630 128
1631 245
1632 130
1633 234
1634 52
1635 255
1636 245
1637 131
1638 224
1639 245
1640 106
1641 229
1642 103
1643 251
1644 4
1645 245
1646 240
1647 5
1648 240
1649 116
1650 1
1651 128
1652 2
1653 37
1654 224
1655 213
1656 240
1657 251
1658 245
1659 105
1660 133
1661 101
1662 240
1663 5
1664 240
1665 117
1666 107
1667 1
1668 117
1669 108
1670 0
1671 128
1672 11
1673 229
1674 107
1675 37
1676 107
1677 245
1678 107
1679 229
1680 108
1681 51
1682 245
1683 108
1684 213
1685 240
1686 242
1687 171
1688 105
1689 124
1690 0
1691 235
1692 195
1693 149
1694 107
1695 251
1696 236
1697 149
1698 108
1699 116
1700 255
1701 107
1702 85
1703 106
1704 252
1705 136
1706 130
1707 143
1708 131
1709 240
1710 2
1711 7
1712 54
1713 233
1714 36
1715 128
1716 252
1717 234
1718 52
1719 255
1720 255
1721 233
1722 36
1723 128
1724 245
1725 130
1726 234
1727 52
1728 255
1729 245
1730 131
1731 224
1732 251
1733 133
1734 101
1735 240
1736 5
1737 240
1738 120
1739 255
1740 126
1741 0
1742 128
1743 6
1744 232
1745 40
1746 248
1747 238
1748 51
1749 254
1750 213
1751 240
1752 247
1753 232
1754 82
1755 3
1756 140
1757 130
1758 143
1759 131
1760 235
1761 240
1762 137
1763 6
1764 138
1765 7
1766 195
1767 238
1768 149
1769 99
1770 239
1771 149
1772 100
1773 80
1774 19
1775 238
1776 36
1777 128
1778 245
1779 130
1780 239
1781 52
1782 255
1783 245
1784 131
1785 228
1786 240
1787 14
1788 190
1789 0
1790 231
1791 15
1792 128
1793 228
1794 229
1795 99
1796 36
1797 128
1798 254
1799 229
1800 100
1801 52
1802 255
1803 255
1804 229
1805 99
1806 36
1807 128
1808 245
1809 130
1810 229
1811 100
1812 52
1813 255
1814 245
1815 131
1816 224
1817 253
1818 229
1819 103
1820 248
1821 4
1822 245
1823 240
1824 5
1825 240
1826 116
1827 1
1828 128
1829 2
1830 37
1831 224
1832 213
1833 240
1834 251
1835 20
1836 100
1837 255
1838 82
1839 5
1840 142
1841 130
1842 143
1843 131
1844 237
1845 240
1846 144
1847 0
1848 1
1849 34
1850 133
1851 130
1852 96
1853 133
1854 131
1855 97
1856 133
1857 240
1858 98
1859 171
1860 96
1861 229
1862 97
1863 252
1864 196
1865 35
1866 84
1867 31
1868 249
1869 122
1870 0
1871 168
1872 93
1873 175
1874 94
1875 24
1876 184
1877 255
1878 1
1879 31
1880 239
1881 196
1882 35
1883 84
1884 31
1885 245
1886 99
1887 117
1888 100
1889 0
1890 140
1891 3
1892 124
1893 0
1894 116
1895 7
1896 91
1897 245
1898 101
1899 140
1900 102
1901 143
1902 0
1903 127
1904 0
1905 116
1906 7
1907 88
1908 245
1909 103
1910 143
1911 104
1912 192
1913 93
1914 192
1915 94
1916 192
1917 95
1918 133
1919 96
1920 130
1921 133
1922 97
1923 131
1924 133
1925 98
1926 240
1927 18
1928 0
1929 6
1930 21
1931 129
1932 21
1933 129
1934 21
1935 129
1936 64
1937 4
1938 144
1939 0
1940 0
1941 34
1942 233
1943 181
1944 99
1945 97
1946 234
1947 181
1948 100
1949 93
1950 233
1951 36
1952 128
1953 248
1954 234
1955 52
1956 255
1957 255
1958 233
1959 36
1960 128
1961 245
1962 130
1963 234
1964 52
1965 255
1966 245
1967 131
1968 224
1969 245
1970 106
1971 229
1972 103
1973 251
1974 4
1975 245
1976 240
1977 5
1978 240
1979 116
1980 1
1981 128
1982 2
1983 37
1984 224
1985 213
1986 240
1987 251
1988 245
1989 105
1990 133
1991 101
1992 240
1993 5
1994 240
1995 117
1996 107
1997 1
1998 117
1999 108
2000 0
2001 128
2002 11
2003 229
2004 107
2005 37
2006 107
2007 245
2008 107
2009 229
2010 108
2011 51
2012 245
2013 108
2014 213
2015 240
2016 242
2017 171
2018 105
2019 124
2020 0
2021 235
2022 195
2023 149
2024 107
2025 251
2026 236
2027 149
2028 108
2029 252
2030 229
2031 106
2032 66
2033 3
2034 136
2035 130
2036 143
2037 131
2038 235
2039 240
2040 2
2041 8
2042 127
2043 233
2044 36
2045 128
2046 252
2047 234
2048 52
2049 255
2050 255
2051 233
2052 36
2053 128
2054 245
2055 130
2056 234
2057 52
2058 255
2059 245
2060 131
2061 224
2062 251
2063 133
2064 101
2065 240
2066 5
2067 240
2068 120
2069 255
2070 126
2071 0
2072 128
2073 6
2074 232
2075 40
2076 248
2077 238
2078 51
2079 254
2080 213
2081 240
2082 247
2083 232
2084 66
2085 3
2086 140
2087 130
2088 143
2089 131
2090 235
2091 240
2092 137
2093 6
2094 138
2095 7
2096 195
2097 238
2098 149
2099 99
2100 239
2101 149
2102 100
2103 80
2104 20
2105 238
2106 36
2107 128
2108 245
2109 130
2110 239
2111 52
2112 255
2113 245
2114 131
2115 116
2116 255
2117 240
2118 14
2119 190
2120 0
2121 230
2122 15
2123 128
2124 227
2125 229
2126 99
2127 36
2128 128
2129 254
2130 229
2131 100
2132 52
2133 255
2134 255
2135 229
2136 99
2137 36
2138 128
2139 245
2140 130
2141 229
2142 100
2143 52
2144 255
2145 245
2146 131
2147 224
2148 253
2149 229
2150 103
2151 248
2152 4
2153 245
2154 240
2155 5
2156 240
2157 116
2158 1
2159 128
2160 2
2161 37
2162 224
2163 213
2164 240
2165 251
2166 20
2167 66
2168 5
2169 142
2170 130
2171 143
2172 131
2173 237
2174 240
2175 144
2176 0
2177 1
2178 34
2179 126
2180 0
2181 127
2182 0
2183 238
2184 36
2185 160
2186 245
2187 130
2188 239
2189 52
2190 255
2191 245
2192 131
2193 116
2194 255
2195 240
2196 14
2197 190
2198 0
2199 1
2200 15
2201 195
2202 238
2203 148
2204 32
2205 239
2206 148
2207 0
2208 64
2209 229
2210 34
2211 173
2212 130
2213 174
2214 131
2215 175
2216 240
2217 141
2218 31
2219 142
2220 32
2221 143
2222 33
2223 133
2224 93
2225 34
2226 133
2227 94
2228 35
2229 133
2230 96
2231 36
2232 133
2233 97
2234 37
2235 117
2236 130
2237 1
2238 34
2239 133
2240 130
2241 99
2242 133
2243 131
2244 100
2245 133
2246 240
2247 101
2248 229
2249 98
2250 112
2251 58
2252 251
2253 252
2254 195
2255 235
2256 149
2257 93
2258 236
2259 149
2260 94
2261 80
2262 46
2263 235
2264 37
2265 95
2266 248
2267 236
2268 53
2269 96
2270 249
2271 170
2272 97
2273 235
2274 37
2275 99
2276 253
2277 236
2278 53
2279 100
2280 254
2281 175
2282 101
2283 141
2284 130
2285 142
2286 131
2287 143
2288 240
2289 18
2290 18
2291 190
2292 253
2293 136
2294 130
2295 137
2296 131
2297 138
2298 240
2299 18
2300 18
2301 134
2302 11
2303 187
2304 0
2305 204
2306 12
2307 128
2308 201
2309 34
2310 173
2311 99
2312 174
2313 100
2314 144
2315 249
2316 242
2317 237
2318 240
2319 238
2320 163
2321 240
2322 174
2323 95
2324 175
2325 96
2326 144
2327 249
2328 244
2329 238
2330 240
2331 239
2332 163
2333 240
2334 144
2335 249
2336 246
2337 229
2338 93
2339 240
2340 229
2341 94
2342 163
2343 240
2344 229
2345 98
2346 37
2347 98
2348 255
2349 67
2350 7
2351 1
2352 144
2353 249
2354 240
2355 239
2356 240
2357 144
2358 249
2359 241
2360 224
2361 112
2362 250
2363 34
2364 126
2365 222
2366 127
2367 0
2368 124
2369 222
2370 125
2371 0
2372 116
2373 1
2374 37
2375 31
2376 249
2377 228
2378 53
2379 32
2380 250
2381 171
2382 33
2383 236
2384 41
2385 249
2386 237
2387 58
2388 250
2389 137
2390 130
2391 138
2392 131
2393 139
2394 240
2395 18
2396 18
2397 190
2398 249
2399 185
2400 1
2401 2
2402 128
2403 44
2404 116
2405 1
2406 37
2407 31
2408 249
2409 228
2410 53
2411 32
2412 250
2413 171
2414 33
2415 236
2416 41
2417 249
2418 237
2419 58
2420 250
2421 137
2422 130
2423 138
2424 131
2425 139
2426 240
2427 18
2428 18
2429 190
2430 96
2431 4
2432 144
2433 255
2434 255
2435 34
2436 28
2437 188
2438 255
2439 1
2440 29
2441 140
2442 6
2443 237
2444 255
2445 48
2446 231
2447 180
2448 142
2449 130
2450 143
2451 131
2452 34
2453 133
2454 130
2455 40
2456 133
2457 131
2458 41
2459 133
2460 240
2461 42
2462 144
2463 254
2464 2
2465 224
2466 251
2467 163
2468 224
2469 252
2470 235
2471 181
2472 34
2473 22
2474 236
2475 181
2476 35
2477 18
2478 144
2479 254
2480 4
2481 224
2482 251
2483 163
2484 224
2485 252
2486 235
2487 181
2488 36
2489 6
2490 236
2491 181
2492 37
2493 2
2494 128
2495 1
2496 34
2497 116
2498 8
2499 37
2500 38
2501 251
2502 228
2503 53
2504 39
2505 252
2506 83
2507 3
2508 192
2509 116
2510 64
2511 43
2512 251
2513 228
2514 60
2515 252
2516 168
2517 34
2518 169
2519 35
2520 122
2521 0
2522 235
2523 37
2524 34
2525 254
2526 236
2527 53
2528 35
2529 255
2530 142
2531 93
2532 143
2533 94
2534 138
2535 95
2536 136
2537 130
2538 137
2539 131
2540 138
2541 240
2542 192
2543 4
2544 192
2545 3
2546 18
2547 7
2548 58
2549 208
2550 3
2551 208
2552 4
2553 173
2554 34
2555 174
2556 35
2557 127
2558 0
2559 192
2560 40
2561 192
2562 41
2563 192
2564 42
2565 141
2566 130
2567 142
2568 131
2569 143
2570 240
2571 18
2572 0
2573 6
2574 21
2575 129
2576 21
2577 129
2578 21
2579 129
2580 96
2581 41
2582 229
2583 38
2584 69
2585 39
2586 96
2587 35
2588 133
2589 38
2590 93
2591 133
2592 39
2593 94
2594 141
2595 95
2596 142
2597 96
2598 143
2599 97
2600 117
2601 98
2602 0
2603 133
2604 40
2605 130
2606 133
2607 41
2608 131
2609 133
2610 42
2611 240
2612 192
2613 4
2614 192
2615 3
2616 18
2617 8
2618 191
2619 208
2620 3
2621 208
2622 4
2623 229
2624 38
2625 37
2626 34
2627 254
2628 229
2629 39
2630 53
2631 35
2632 255
2633 142
2634 130
2635 143
2636 131
2637 116
2638 128
2639 240
2640 125
2641 0
2642 235
2643 37
2644 34
2645 249
2646 236
2647 53
2648 35
2649 250
2650 137
2651 93
2652 138
2653 94
2654 141
2655 95
2656 142
2657 130
2658 143
2659 131
2660 141
2661 240
2662 192
2663 4
2664 192
2665 3
2666 18
2667 7
2668 58
2669 208
2670 3
2671 208
2672 4
2673 116
2674 1
2675 37
2676 38
2677 254
2678 228
2679 53
2680 39
2681 255
2682 195
2683 238
2684 155
2685 239
2686 156
2687 80
2688 19
2689 238
2690 37
2691 34
2692 245
2693 130
2694 239
2695 53
2696 35
2697 245
2698 131
2699 228
2700 240
2701 14
2702 190
2703 0
2704 233
2705 15
2706 128
2707 230
2708 235
2709 37
2710 34
2711 254
2712 236
2713 53
2714 35
2715 255
2716 238
2717 36
2718 255
2719 245
2720 130
2721 239
2722 52
2723 255
2724 245
2725 131
2726 229
2727 38
2728 196
2729 3
2730 84
2731 248
2732 240
2733 238
2734 36
2735 254
2736 245
2737 130
2738 239
2739 52
2740 255
2741 245
2742 131
2743 170
2744 38
2745 229
2746 39
2747 196
2748 3
2749 202
2750 196
2751 3
2752 84
2753 7
2754 106
2755 202
2756 84
2757 7
2758 202
2759 106
2760 202
2761 234
2762 240
2763 238
2764 36
2765 253
2766 245
2767 130
2768 239
2769 52
2770 255
2771 245
2772 131
2773 229
2774 39
2775 196
2776 3
2777 84
2778 7
2779 250
2780 228
2781 234
2782 240
2783 169
2784 34
2785 170
2786 35
2787 125
2788 0
2789 142
2790 93
2791 143
2792 94
2793 141
2794 95
2795 137
2796 130
2797 138
2798 131
2799 141
2800 240
2801 192
2802 4
2803 192
2804 3
2805 18
2806 5
2807 240
2808 173
2809 36
2810 174
2811 37
2812 127
2813 0
2814 116
2815 20
2816 37
2817 36
2818 249
2819 228
2820 53
2821 37
2822 250
2823 137
2824 93
2825 138
2826 94
2827 143
2828 95
2829 141
2830 130
2831 142
2832 131
2833 143
2834 240
2835 18
2836 7
2837 58
2838 117
2839 93
2840 6
2841 117
2842 94
2843 254
2844 117
2845 95
2846 0
2847 144
2848 254
2849 0
2850 117
2851 240
2852 0
2853 18
2854 7
2855 58
2856 208
2857 3
2858 208
2859 4
2860 144
2861 254
2862 6
2863 235
2864 240
2865 236
2866 163
2867 240
2868 144
2869 254
2870 0
2871 116
2872 1
2873 240
2874 144
2875 254
2876 1
2877 224
2878 112
2879 250
2880 117
2881 93
2882 6
2883 117
2884 94
2885 254
2886 245
2887 95
2888 144
2889 254
2890 0
2891 117
2892 240
2893 0
2894 18
2895 5
2896 240
2897 173
2898 36
2899 174
2900 37
2901 127
2902 0
2903 116
2904 20
2905 37
2906 36
2907 251
2908 228
2909 53
2910 37
2911 252
2912 139
2913 93
2914 140
2915 94
2916 143
2917 95
2918 141
2919 130
2920 142
2921 131
2922 143
2923 240
2924 2
2925 5
2926 240
2927 133
2928 130
2929 50
2930 133
2931 131
2932 51
2933 133
2934 240
2935 52
2936 170
2937 34
2938 171
2939 35
2940 124
2941 0
2942 229
2943 48
2944 37
2945 34
2946 248
2947 229
2948 49
2949 53
2950 35
2951 249
2952 116
2953 64
2954 40
2955 248
2956 228
2957 57
2958 249
2959 136
2960 93
2961 137
2962 94
2963 140
2964 95
2965 138
2966 130
2967 139
2968 131
2969 140
2970 240
2971 18
2972 7
2973 58
2974 123
2975 0
2976 124
2977 0
2978 195
2979 235
2980 149
2981 43
2982 236
2983 149
2984 44
2985 80
2986 44
2987 235
2988 37
2989 34
2990 249
2991 236
2992 53
2993 35
2994 250
2995 235
2996 37
2997 50
2998 248
2999 236
3000 53
3001 51
3002 254
3003 175
3004 52
3005 136
3006 130
3007 142
3008 131
3009 143
3010 240
3011 18
3012 18
3013 190
3014 248
3015 99
3016 0
3017 54
3018 137
3019 130
3020 138
3021 131
3022 232
3023 240
3024 11
3025 187
3026 0
3027 206
3028 12
3029 128
3030 203
3031 174
3032 43
3033 175
3034 44
3035 195
3036 238
3037 148
3038 64
3039 239
3040 148
3041 0
3042 80
3043 20
3044 238
3045 37
3046 34
3047 245
3048 130
3049 239
3050 53
3051 35
3052 245
3053 131
3054 116
3055 54
3056 240
3057 14
3058 190
3059 0
3060 230
3061 15
3062 128
3063 227
3064 126
3065 0
3066 127
3067 0
3068 195
3069 238
3070 149
3071 48
3072 239
3073 149
3074 49
3075 80
3076 47
3077 238
3078 37
3079 34
3080 252
3081 239
3082 53
3083 35
3084 253
3085 116
3086 64
3087 44
3088 252
3089 228
3090 61
3091 253
3092 238
3093 37
3094 45
3095 249
3096 239
3097 53
3098 46
3099 250
3100 171
3101 47
3102 137
3103 130
3104 138
3105 131
3106 139
3107 240
3108 18
3109 18
3110 190
3111 249
3112 140
3113 130
3114 141
3115 131
3116 240
3117 14
3118 190
3119 0
3120 203
3121 15
3122 128
3123 200
3124 173
3125 34
3126 174
3127 35
3128 127
3129 0
3130 116
3131 64
3132 37
3133 48
3134 245
3135 38
3136 228
3137 53
3138 49
3139 245
3140 39
3141 141
3142 130
3143 142
3144 131
3145 143
3146 240
3147 18
3148 9
3149 149
3150 173
3151 34
3152 174
3153 35
3154 127
3155 0
3156 116
3157 84
3158 37
3159 34
3160 251
3161 228
3162 53
3163 35
3164 252
3165 139
3166 93
3167 140
3168 94
3169 143
3170 95
3171 141
3172 130
3173 142
3174 131
3175 143
3176 240
3177 18
3178 7
3179 58
3180 126
3181 0
3182 127
3183 0
3184 195
3185 238
3186 149
3187 43
3188 239
3189 149
3190 44
3191 80
3192 44
3193 238
3194 37
3195 34
3196 252
3197 239
3198 53
3199 35
3200 253
3201 238
3202 37
3203 50
3204 249
3205 239
3206 53
3207 51
3208 250
3209 171
3210 52
3211 137
3212 130
3213 138
3214 131
3215 139
3216 240
3217 18
3218 18
3219 190
3220 249
3221 99
3222 1
3223 92
3224 140
3225 130
3226 141
3227 131
3228 233
3229 240
3230 14
3231 190
3232 0
3233 206
3234 15
3235 128
3236 203
3237 174
3238 43
3239 175
3240 44
3241 195
3242 238
3243 148
3244 64
3245 239
3246 148
3247 0
3248 80
3249 20
3250 238
3251 37
3252 34
3253 245
3254 130
3255 239
3256 53
3257 35
3258 245
3259 131
3260 116
3261 92
3262 240
3263 14
3264 190
3265 0
3266 230
3267 15
3268 128
3269 227
3270 126
3271 0
3272 127
3273 0
3274 238
3275 37
3276 34
3277 252
3278 239
3279 53
3280 35
3281 253
3282 116
3283 64
3284 44
3285 252
3286 228
3287 61
3288 253
3289 238
3290 37
3291 36
3292 245
3293 130
3294 239
3295 53
3296 37
3297 245
3298 131
3299 224
3300 251
3301 140
3302 130
3303 141
3304 131
3305 240
3306 14
3307 190
3308 0
3309 1
3310 15
3311 195
3312 238
3313 148
3314 20
3315 239
3316 148
3317 0
3318 64
3319 210
3320 173
3321 34
3322 174
3323 35
3324 127
3325 0
3326 117
3327 38
3328 84
3329 143
3330 39
3331 141
3332 130
3333 142
3334 131
3335 143
3336 240
3337 2
3338 9
3339 149
3340 173
3341 130
3342 174
3343 131
3344 175
3345 240
3346 195
3347 116
3348 20
3349 149
3350 53
3351 228
3352 149
3353 54
3354 80
3355 6
3356 117
3357 53
3358 20
3359 117
3360 54
3361 0
3362 116
3363 20
3364 37
3365 55
3366 245
3367 93
3368 228
3369 53
3370 56
3371 245
3372 94
3373 133
3374 57
3375 95
3376 133
3377 55
3378 130
3379 133
3380 56
3381 131
3382 133
3383 57
3384 240
3385 192
3386 7
3387 192
3388 6
3389 192
3390 5
3391 18
3392 7
3393 58
3394 208
3395 5
3396 208
3397 6
3398 208
3399 7
3400 133
3401 53
3402 93
3403 133
3404 54
3405 94
3406 133
3407 55
3408 95
3409 133
3410 56
3411 96
3412 133
3413 57
3414 97
3415 117
3416 98
3417 0
3418 141
3419 130
3420 142
3421 131
3422 143
3423 240
3424 18
3425 8
3426 191
3427 174
3428 53
3429 175
3430 54
3431 195
3432 238
3433 148
3434 20
3435 239
3436 148
3437 0
3438 80
3439 27
3440 238
3441 37
3442 55
3443 251
3444 239
3445 53
3446 56
3447 252
3448 173
3449 57
3450 139
3451 130
3452 140
3453 131
3454 141
3455 240
3456 228
3457 18
3458 18
3459 134
3460 14
3461 190
3462 0
3463 223
3464 15
3465 128
3466 220
3467 116
3468 20
3469 37
3470 55
3471 245
3472 93
3473 228
3474 53
3475 56
3476 245
3477 94
3478 133
3479 57
3480 95
3481 133
3482 55
3483 130
3484 133
3485 56
3486 131
3487 133
3488 57
3489 240
3490 2
3491 5
3492 240
3493 133
3494 130
3495 58
3496 133
3497 131
3498 59
3499 133
3500 240
3501 60
3502 117
3503 45
3504 192
3505 117
3506 46
3507 19
3508 117
3509 47
3510 128
3511 117
3512 43
3513 20
3514 117
3515 44
3516 0
3517 117
3518 48
3519 32
3520 117
3521 49
3522 0
3523 133
3524 58
3525 130
3526 133
3527 59
3528 131
3529 133
3530 60
3531 240
3532 18
3533 11
3534 111
3535 123
3536 0
3537 124
3538 0
3539 235
3540 36
3541 61
3542 249
3543 144
3544 254
3545 4
3546 224
3547 250
3548 163
3549 224
3550 255
3551 235
3552 42
3553 245
3554 130
3555 236
3556 63
3557 245
3558 131
3559 224
3560 255
3561 247
3562 11
3563 187
3564 0
3565 1
3566 12
3567 195
3568 235
3569 148
3570 20
3571 236
3572 148
3573 0
3574 64
3575 219
3576 117
3577 45
3578 160
3579 117
3580 46
3581 19
3582 117
3583 47
3584 128
3585 117
3586 43
3587 20
3588 117
3589 44
3590 0
3591 117
3592 48
3593 32
3594 117
3595 49
3596 0
3597 133
3598 58
3599 130
3600 133
3601 59
3602 131
3603 133
3604 60
3605 240
3606 18
3607 11
3608 111
3609 116
3610 20
3611 37
3612 58
3613 245
3614 93
3615 228
3616 53
3617 59
3618 245
3619 94
3620 133
3621 60
3622 95
3623 133
3624 58
3625 130
3626 133
3627 59
3628 131
3629 133
3630 60
3631 240
3632 18
3633 7
3634 58
3635 117
3636 93
3637 20
3638 117
3639 94
3640 0
3641 133
3642 58
3643 95
3644 133
3645 59
3646 96
3647 133
3648 60
3649 97
3650 117
3651 98
3652 0
3653 144
3654 0
3655 61
3656 117
3657 240
3658 64
3659 18
3660 8
3661 191
3662 116
3663 20
3664 37
3665 58
3666 245
3667 93
3668 228
3669 53
3670 59
3671 245
3672 94
3673 133
3674 60
3675 95
3676 133
3677 58
3678 130
3679 133
3680 59
3681 131
3682 133
3683 60
3684 240
3685 2
3686 5
3687 240
3688 116
3689 1
3690 37
3691 31
3692 245
3693 45
3694 228
3695 53
3696 32
3697 245
3698 46
3699 133
3700 33
3701 47
3702 117
3703 43
3704 20
3705 117
3706 44
3707 0
3708 117
3709 48
3710 239
3711 117
3712 49
3713 0
3714 144
3715 19
3716 224
3717 117
3718 240
3719 128
3720 18
3721 11
3722 111
3723 144
3724 253
3725 2
3726 224
3727 253
3728 163
3729 224
3730 254
3731 163
3732 224
3733 255
3734 144
3735 253
3736 2
3737 224
3738 250
3739 163
3740 224
3741 251
3742 163
3743 224
3744 252
3745 138
3746 93
3747 116
3748 1
3749 43
3750 245
3751 94
3752 140
3753 95
3754 141
3755 130
3756 142
3757 131
3758 143
3759 240
3760 18
3761 7
3762 58
3763 228
3764 245
3765 81
3766 245
3767 82
3768 116
3769 240
3770 37
3771 31
3772 251
3773 228
3774 53
3775 32
3776 252
3777 173
3778 33
3779 229
3780 81
3781 43
3782 251
3783 229
3784 82
3785 60
3786 252
3787 116
3788 240
3789 37
3790 31
3791 248
3792 228
3793 53
3794 32
3795 249
3796 170
3797 33
3798 229
3799 81
3800 40
3801 248
3802 229
3803 82
3804 57
3805 249
3806 144
3807 254
3808 4
3809 224
3810 254
3811 163
3812 224
3813 255
3814 229
3815 81
3816 46
3817 245
3818 130
3819 229
3820 82
3821 63
3822 245
3823 131
3824 224
3825 255
3826 136
3827 130
3828 137
3829 131
3830 138
3831 240
3832 18
3833 18
3834 190
3835 248
3836 98
3837 7
3838 139
3839 130
3840 140
3841 131
3842 141
3843 240
3844 239
3845 18
3846 18
3847 134
3848 5
3849 81
3850 228
3851 181
3852 81
3853 2
3854 5
3855 82
3856 195
3857 229
3858 81
3859 148
3860 16
3861 229
3862 82
3863 148
3864 0
3865 64
3866 157
3867 144
3868 253
3869 2
3870 224
3871 253
3872 163
3873 224
3874 254
3875 163
3876 224
3877 255
3878 144
3879 253
3880 2
3881 224
3882 250
3883 163
3884 224
3885 251
3886 163
3887 224
3888 252
3889 138
3890 93
3891 116
3892 1
3893 43
3894 245
3895 94
3896 140
3897 95
3898 141
3899 130
3900 142
3901 131
3902 143
3903 240
3904 18
3905 5
3906 240
3907 116
3908 240
3909 37
3910 31
3911 253
3912 228
3913 53
3914 32
3915 254
3916 175
3917 33
3918 117
3919 55
3920 224
3921 117
3922 56
3923 248
3924 117
3925 57
3926 0
3927 117
3928 53
3929 16
3930 117
3931 54
3932 0
3933 141
3934 130
3935 142
3936 131
3937 143
3938 240
3939 18
3940 13
3941 12
3942 144
3943 248
3944 224
3945 117
3946 240
3947 0
3948 18
3949 13
3950 165
3951 144
3952 253
3953 2
3954 224
3955 253
3956 163
3957 224
3958 254
3959 163
3960 224
3961 255
3962 144
3963 253
3964 2
3965 224
3966 250
3967 163
3968 224
3969 251
3970 163
3971 224
3972 252
3973 138
3974 93
3975 116
3976 1
3977 43
3978 245
3979 94
3980 140
3981 95
3982 141
3983 130
3984 142
3985 131
3986 143
3987 240
3988 18
3989 7
3990 58
3991 228
3992 245
3993 83
3994 245
3995 84
3996 245
3997 81
3998 245
3999 82
4000 195
4001 229
4002 81
4003 148
4004 239
4005 229
4006 82
4007 148
4008 0
4009 64
4010 3
4011 2
4012 16
4013 124
4014 116
4015 20
4016 181
4017 83
4018 6
4019 228
4020 181
4021 84
4022 2
4023 128
4024 2
4025 128
4026 94
4027 144
4028 253
4029 2
4030 224
4031 249
4032 163
4033 224
4034 250
4035 163
4036 224
4037 251
4038 144
4039 253
4040 2
4041 224
4042 248
4043 163
4044 224
4045 252
4046 163
4047 224
4048 253
4049 136
4050 93
4051 116
4052 1
4053 44
4054 245
4055 94
4056 141
4057 95
4058 137
4059 130
4060 138
4061 131
4062 139
4063 240
4064 18
4065 5
4066 240
4067 144
4068 248
4069 224
4070 117
4071 240
4072 0
4073 18
4074 13
4075 165
4076 228
4077 245
4078 83
4079 245
4080 84
4081 144
4082 253
4083 2
4084 224
4085 251
4086 163
4087 224
4088 252
4089 163
4090 224
4091 253
4092 144
4093 253
4094 2
4095 224
4096 248
4097 163
4098 224
4099 249
4100 163
4101 224
4102 250
4103 136
4104 93
4105 116
4106 1
4107 41
4108 245
4109 94
4110 138
4111 95
4112 139
4113 130
4114 140
4115 131
4116 141
4117 240
4118 18
4119 7
4120 58
4121 116
4122 1
4123 37
4124 31
4125 251
4126 228
4127 53
4128 32
4129 252
4130 173
4131 33
4132 229
4133 81
4134 43
4135 251
4136 229
4137 82
4138 60
4139 252
4140 116
4141 1
4142 37
4143 31
4144 248
4145 228
4146 53
4147 32
4148 249
4149 170
4150 33
4151 229
4152 81
4153 40
4154 248
4155 229
4156 82
4157 57
4158 249
4159 144
4160 254
4161 4
4162 224
4163 254
4164 163
4165 224
4166 255
4167 229
4168 83
4169 46
4170 245
4171 130
4172 229
4173 84
4174 63
4175 245
4176 131
4177 224
4178 255
4179 136
4180 130
4181 137
4182 131
4183 138
4184 240
4185 18
4186 18
4187 190
4188 248
4189 98
4190 7
4191 139
4192 130
4193 140
4194 131
4195 141
4196 240
4197 239
4198 18
4199 18
4200 134
4201 5
4202 81
4203 228
4204 181
4205 81
4206 2
4207 5
4208 82
4209 5
4210 83
4211 228
4212 181
4213 83
4214 2
4215 5
4216 84
4217 2
4218 15
4219 160
4220 144
4221 253
4222 2
4223 224
4224 253
4225 163
4226 224
4227 254
4228 163
4229 224
4230 255
4231 144
4232 253
4233 2
4234 224
4235 250
4236 163
4237 224
4238 251
4239 163
4240 224
4241 252
4242 138
4243 93
4244 116
4245 1
4246 43
4247 245
4248 94
4249 140
4250 95
4251 141
4252 130
4253 142
4254 131
4255 143
4256 240
4257 2
4258 5
4259 240
4260 133
4261 130
4262 85
4263 133
4264 131
4265 86
4266 133
4267 240
4268 87
4269 144
4270 253
4271 2
4272 224
4273 250
4274 163
4275 224
4276 251
4277 163
4278 224
4279 252
4280 168
4281 31
4282 169
4283 32
4284 175
4285 33
4286 192
4287 0
4288 192
4289 1
4290 192
4291 7
4292 138
4293 130
4294 139
4295 131
4296 140
4297 240
4298 18
4299 0
4300 6
4301 21
4302 129
4303 21
4304 129
4305 21
4306 129
4307 96
4308 4
4309 144
4310 255
4311 255
4312 34
4313 192
4314 85
4315 192
4316 86
4317 192
4318 87
4319 144
4320 250
4321 0
4322 117
4323 240
4324 0
4325 18
4326 0
4327 6
4328 21
4329 129
4330 21
4331 129
4332 21
4333 129
4334 96
4335 66
4336 117
4337 93
4338 0
4339 117
4340 94
4341 251
4342 117
4343 95
4344 0
4345 144
4346 250
4347 0
4348 117
4349 240
4350 0
4351 18
4352 7
4353 58
4354 117
4355 95
4356 0
4357 117
4358 96
4359 250
4360 117
4361 97
4362 0
4363 117
4364 93
4365 0
4366 117
4367 94
4368 1
4369 117
4370 98
4371 0
4372 133
4373 85
4374 130
4375 133
4376 86
4377 131
4378 133
4379 87
4380 240
4381 18
4382 8
4383 191
4384 117
4385 93
4386 0
4387 117
4388 94
4389 251
4390 117
4391 95
4392 0
4393 144
4394 250
4395 0
4396 117
4397 240
4398 0
4399 18
4400 5
4401 240
4402 144
4403 253
4404 2
4405 224
4406 253
4407 163
4408 224
4409 254
4410 163
4411 224
4412 255
4413 144
4414 253
4415 2
4416 224
4417 250
4418 163
4419 224
4420 251
4421 163
4422 224
4423 252
4424 138
4425 93
4426 116
4427 1
4428 43
4429 245
4430 94
4431 140
4432 95
4433 141
4434 130
4435 142
4436 131
4437 143
4438 240
4439 18
4440 7
4441 58
4442 117
4443 93
4444 2
4445 117
4446 94
4447 253
4448 117
4449 95
4450 0
4451 144
4452 253
4453 0
4454 117
4455 240
4456 0
4457 18
4458 7
4459 58
4460 144
4461 253
4462 0
4463 116
4464 1
4465 240
4466 144
4467 253
4468 2
4469 224
4470 253
4471 163
4472 224
4473 254
4474 163
4475 224
4476 255
4477 170
4478 31
4479 171
4480 32
4481 172
4482 33
4483 192
4484 2
4485 192
4486 3
4487 192
4488 4
4489 141
4490 130
4491 142
4492 131
4493 143
4494 240
4495 18
4496 0
4497 6
4498 21
4499 129
4500 21
4501 129
4502 21
4503 129
4504 96
4505 4
4506 144
4507 255
4508 255
4509 34
4510 144
4511 253
4512 1
4513 224
4514 112
4515 250
4516 117
4517 93
4518 2
4519 117
4520 94
4521 253
4522 245
4523 95
4524 144
4525 253
4526 0
4527 117
4528 240
4529 0
4530 18
4531 5
4532 240
4533 144
4534 253
4535 2
4536 224
4537 253
4538 163
4539 224
4540 254
4541 163
4542 224
4543 255
4544 144
4545 253
4546 2
4547 224
4548 250
4549 163
4550 224
4551 251
4552 163
4553 224
4554 252
4555 138
4556 93
4557 116
4558 1
4559 43
4560 245
4561 94
4562 140
4563 95
4564 141
4565 130
4566 142
4567 131
4568 143
4569 240
4570 18
4571 5
4572 240
4573 173
4574 31
4575 174
4576 32
4577 175
4578 33
4579 141
4580 130
4581 142
4582 131
4583 143
4584 240
4585 18
4586 18
4587 190
4588 253
4589 189
4590 1
4591 2
4592 128
4593 4
4594 144
4595 255
4596 255
4597 34
4598 18
4599 14
4600 104
4601 2
4602 9
4603 60
4604 173
4605 130
4606 174
4607 131
4608 175
4609 240
4610 133
4611 90
4612 130
4613 133
4614 91
4615 131
4616 133
4617 92
4618 240
4619 192
4620 7
4621 192
4622 6
4623 192
4624 5
4625 18
4626 16
4627 164
4628 171
4629 130
4630 172
4631 131
4632 208
4633 5
4634 208
4635 6
4636 208
4637 7
4638 187
4639 20
4640 5
4641 188
4642 0
4643 2
4644 128
4645 4
4646 117
4647 130
4648 0
4649 34
4650 133
4651 88
4652 38
4653 133
4654 89
4655 39
4656 141
4657 130
4658 142
4659 131
4660 143
4661 240
4662 18
4663 9
4664 149
4665 126
4666 0
4667 127
4668 0
4669 144
4670 254
4671 4
4672 224
4673 252
4674 163
4675 224
4676 253
4677 238
4678 44
4679 245
4680 130
4681 239
4682 61
4683 245
4684 131
4685 224
4686 253
4687 116
4688 1
4689 37
4690 31
4691 250
4692 228
4693 53
4694 32
4695 251
4696 172
4697 33
4698 238
4699 42
4700 250
4701 239
4702 59
4703 251
4704 138
4705 130
4706 139
4707 131
4708 140
4709 240
4710 18
4711 18
4712 190
4713 250
4714 237
4715 181
4716 2
4717 2
4718 128
4719 4
4720 117
4721 130
4722 0
4723 34
4724 14
4725 190
4726 0
4727 1
4728 15
4729 195
4730 238
4731 148
4732 20
4733 239
4734 148
4735 0
4736 64
4737 187
4738 117
4739 130
4740 1
4741 34
4742 32
4743 247
4744 17
4745 48
4746 246
4747 19
4748 136
4749 131
4750 168
4751 130
4752 32
4753 245
4754 9
4755 246
4756 168
4757 131
4758 117
4759 131
4760 0
4761 34
4762 128
4763 254
4764 242
4765 128
4766 245
4767 240
4768 34
4769 229
4770 130
4771 133
4772 93
4773 240
4774 164
4775 197
4776 130
4777 192
4778 240
4779 133
4780 94
4781 240
4782 164
4783 208
4784 240
4785 37
4786 240
4787 197
4788 131
4789 133
4790 93
4791 240
4792 164
4793 37
4794 131
4795 245
4796 131
4797 34
4798 32
4799 247
4800 20
4801 48
4802 246
4803 20
4804 136
4805 131
4806 168
4807 130
4808 32
4809 245
4810 7
4811 230
4812 168
4813 131
4814 117
4815 131
4816 0
4817 34
4818 226
4819 128
4820 247
4821 228
4822 147
4823 34
4824 224
4825 34
4826 117
4827 130
4828 0
4829 34
4830 55
4831 52
4832 166
4833 131
4834 95
4835 252
4836 224
4837 43
4838 198
4839 238
4840 203
4841 129
4842 108
4843 146
4844 108
4845 124
4846 186
4847 121
4848 203
4849 143
4850 105
4851 110
4852 118
4853 97
4854 108
4855 105
4856 100
4857 32
4858 105
4859 110
4860 112
4861 117
4862 116
4863 47
4864 111
4865 117
4866 116
4867 112
4868 117
4869 116
4870 32
4871 97
4872 100
4873 100
4874 114
4875 101
4876 115
4877 115
4878 101
4879 115
4880 0
4881 107
4882 101
4883 121
4884 32
4885 104
4886 97
4887 115
4888 104
4889 32
4890 109
4891 105
4892 115
4893 109
4894 97
4895 116
4896 99
4897 104
4898 0
4899 104
4900 101
4901 97
4902 100
4903 101
4904 114
4905 32
4906 116
4907 111
4908 111
4909 32
4910 108
4911 97
4912 114
4913 103
4914 101
4915 0
4916 115
4917 105
4918 103
4919 110
4920 97
4921 116
4922 117
4923 114
4924 101
4925 32
4926 109
4927 105
4928 115
4929 109
4930 97
4931 116
4932 99
4933 104
4934 0
4935 100
4936 97
4937 116
4938 97
4939 32
4940 100
4941 111
4942 101
4943 115
4944 32
4945 110
4946 111
4947 116
4948 32
4949 102
4950 105
4951 116
4952 32
4953 105
4954 110
4955 32
4956 105
4957 109
4958 97
4959 103
4960 101
4961 0
4962 112
4963 114
4964 111
4965 103
4966 114
4967 97
4968 109
4969 32
4970 119
4971 114
4972 105
4973 116
4974 101
4975 32
4976 111
4977 117
4978 116
4979 32
4980 111
4981 102
4982 32
4983 114
4984 97
4985 110
4986 103
4987 101
4988 0
4989 109
4990 111
4991 100
4992 117
4993 108
4994 101
4995 32
4996 104
4997 97
4998 115
4999 104
5000 32
5001 109
5002 105
5003 115
5004 109
5005 97
5006 116
5007 99
5008 104
5009 0
5010 108
5011 111
5012 97
5013 100
5014 32
5015 105
5016 115
5017 32
5018 119
5019 114
5020 111
5021 110
5022 103
5023 0
5024 152
5025 188
5026 27
5027 88
5028 194
5029 91
5030 123
5031 81
5032 72
5033 20
5034 131
5035 167
5036 234
5037 219
5038 21
5039 46
5040 206
5041 122
5042 225
5043 12
5044 247
5045 29
5046 150
5047 222
5048 222
5049 22
5050 104
5051 97
5052 72
5053 37
5054 153
5055 102
5056 162
5057 102
5058 149
5059 83
5060 14
5061 19
5062 86
5063 169
5064 223
5065 66
5066 111
5067 15
5068 116
5069 164
5070 6
5071 255
5072 160
5073 109
5074 7
5075 23
5076 48
5077 174
5078 22
5079 210
5080 135
5081 118
5082 138
5083 155
5084 146
5085 174
5086 54
5087 185
5088 102
5089 2
5090 93
5091 201
5092 128
5093 72
5094 165
5095 159
5096 44
5097 179
5098 170
5099 108
5100 26
5101 129
5102 169
5103 170
5104 232
5105 147
5106 33
5107 14
